Alternative Rock 5008 [[217.06798867 214.09915014 207.15580737]
 [110.72081218  83.7250423   77.83417936]
 [ 45.56048676  38.49534717  38.11882606]
 [170.47445255 151.56277372 127.15109489]]
Reggae 952 [[207.33510638 206.53191489 197.86702128]
 [113.06481481  90.63425926  77.66203704]
 [184.78740157 152.03543307 105.30708661]
 [ 54.17006803  42.22789116  36.63265306]]
Classical 19550 [[122.8683617   95.67787574  81.80336272]
 [175.91498741 160.04093199 137.63476071]
 [223.23040826 220.88033787 214.04551854]
 [ 51.87037365  44.83336285  42.49017177]]
R&B 3932 [[178.16583417 155.87912088 133.93106893]
 [119.8679868   87.71727173  79.24862486]
 [219.28       214.895      207.88375   ]
 [ 50.10720131  40.27250409  40.03436989]]
Country 6112 [[217.57867584 212.96646604 204.89595873]
 [ 55.94629431  44.69387755  42.70622986]
 [119.35832187  92.01169188  81.22283356]
 [174.70973668 156.30863442 138.92222903]]
Jazz 13184 [[218.58762887 216.2340588  209.85910653]
 [ 48.01161946  40.35439361  40.46090535]
 [173.26197696 156.72104306 137.28107944]
 [119.56281888  91.36607143  83.890625  ]]
Metal 3418 [[110.10421836  83.25434243  75.46401985]
 [203.9577167  202.26849894 198.01057082]
 [ 44.65405831  36.64460205  35.04885737]
 [161.36091954 141.81264368 125.82068966]]
Pop 19552 [[216.24438787 212.91645452 206.90280028]
 [ 50.98250512  41.53303555  41.25255909]
 [177.77601721 154.59409233 129.01154147]
 [118.2471555   89.50358196  82.48777918]]
New Age 5196 [[204.35887361 205.11067453 203.66797642]
 [ 99.33392226 114.2040636  132.33480565]
 [ 58.25311475  49.37377049  47.45704918]
 [179.02667984 134.80335968  94.93774704]]
Dance & Electronic 9788 [[181.10591527 146.8804956  116.36610711]
 [103.48396751  87.20222317  89.44164173]
 [212.35077678 211.34137367 207.93417825]
 [ 47.07756897  38.64134346  39.43262695]]
Rap & Hip-Hop 3130 [[108.33719247  84.03039074  76.24746744]
 [169.65903614 149.76385542 127.18674699]
 [212.03494176 208.39101498 201.45590682]
 [ 45.33928571  36.9672619   34.61309524]]
Latin Music 15164 [[215.29961215 210.10665805 202.70943762]
 [ 56.59654562  44.57772365  43.38352524]
 [122.72606162  90.43408271  80.45406606]
 [181.15008859 156.58997722 129.20652999]]
Rock 13934 [[111.91098097  84.83279649  78.62606149]
 [214.98050754 212.15704303 205.50533284]
 [ 44.89453029  36.98013245  37.09394162]
 [171.33548214 151.49610529 128.96723073]]
Gospel 1714 [[173.67973856 154.62745098 128.94771242]
 [105.71991701  94.5560166   95.11410788]
 [219.65597668 215.83090379 209.3819242 ]
 [ 58.3627907   45.4372093   45.46976744]]
Blues 2238 [[ 47.31048951  39.02937063  40.11608392]
 [170.11241611 151.93791946 132.48322148]
 [212.88997555 211.22493888 206.85819071]
 [108.45366795  85.73745174  84.6042471 ]]
Folk 4012 [[175.919      156.601      130.994     ]
 [ 51.03901996  43.03085299  41.11343013]
 [215.11804767 214.24631101 209.10669694]
 [113.89407191  92.81729835  83.00485909]]
